12 14
6 6 6 6 6 6 6 6 6 6 6 6 6 6
6 6 6 6 4 4 4 4 6 6 6 6 6 6
6 6 6 4 4 4 4 4 4 6 6 6 6 6
6 6 6 1 1 4 0 4 4 4 6 6 6 6
6 1 1 1 1 4 4 4 4 6 6 6 6 6
6 6 6 4 4 4 4 4 6 6 6 4 6 6
6 6 4 4 4 4 4 4 4 4 4 4 4 6
6 6 4 4 4 4 4 4 4 4 4 4 6 6
6 6 4 4 4 4 4 4 4 4 4 4 6 6
6 6 6 4 4 4 4 4 4 4 6 6 6 6
6 6 6 6 4 4 4 4 4 6 6 6 6 6
6 6 6 6 6 6 6 6 6 6 6 6 6 6

14 12
6 6 6 6 6 6 6 6 6 6 6 6 
6 6 6 6 6 6 6 1 6 6 6 6 
6 6 6 4 4 4 6 1 6 6 6 6 
6 6 4 4 4 4 4 1 1 4 6 6 
6 4 4 4 4 4 4 1 1 4 4 6 
6 4 4 4 4 4 4 4 4 4 4 6 
6 4 4 4 4 4 4 4 0 4 4 6 
6 4 4 4 4 4 4 4 4 4 4 6 
6 4 4 4 4 4 6 4 4 4 6 6 
6 6 4 4 4 4 6 6 4 6 6 6 
6 6 6 4 4 4 6 6 6 6 6 6 
6 6 6 4 4 4 4 6 6 6 6 6 
6 6 6 6 6 4 6 6 6 6 6 6 
6 6 6 6 6 6 6 6 6 6 6 6 

1

