12 14
6 6 6 6 6 6 6 6 6 6 6 6 6 6
6 6 6 6 4 4 4 4 6 6 6 6 6 6
6 6 6 4 4 4 4 4 4 6 6 6 6 6
6 6 6 1 1 4 0 4 4 4 6 6 6 6
6 1 1 1 1 4 4 4 4 6 6 6 6 6
6 6 6 4 4 4 4 4 6 6 6 4 6 6
6 6 4 4 4 4 4 4 4 4 4 4 4 6
6 6 4 4 4 4 4 4 4 4 4 4 6 6
6 6 4 4 4 4 4 4 4 4 4 4 6 6
6 6 6 4 4 4 4 4 4 4 6 6 6 6
6 6 6 6 4 4 4 4 4 6 6 6 6 6
6 6 6 6 6 6 6 6 6 6 6 6 6 6

12 14
6 6 6 6 6 6 6 6 6 6 6 6 6 6 
6 6 6 6 4 4 4 4 4 6 6 6 6 6 
6 6 6 4 4 4 4 4 4 4 6 6 6 6 
6 6 4 4 4 4 4 4 4 4 4 4 6 6 
6 6 4 4 4 4 4 4 4 4 4 4 6 6 
6 6 4 4 4 4 4 4 4 4 4 4 4 6 
6 6 6 4 4 4 4 4 6 6 6 4 6 6 
6 1 1 1 1 4 4 4 4 6 6 6 6 6 
6 6 6 1 1 4 0 4 4 4 6 6 6 6 
6 6 6 4 4 4 4 4 4 6 6 6 6 6 
6 6 6 6 4 4 4 4 6 6 6 6 6 6 
6 6 6 6 6 6 6 6 6 6 6 6 6 6 

1

